252758
245559
264709
253039
253036
245428
253164
253253
264705
253022
264706
253165
257102
253169
253171
253167
245312
245323
248965
245407
245484
244317
257049
257046
262468
257051
245509
262454
251550
258298
263034
268038
262599
262613
262470
268041
256680
265791
262450
257694
262355
262590
262591
262456
256171
257420
262459
257042
246066
262354
248120
258245
248111
251655
257696
258302
246500
257047
262449
262455
246693
257100
262356
264676
239214
257404
258202
258211
245396
245602
246410
258237
264679
268039
247736
262469
262598
248109
262593
262611
262465
262616
264713
259113
245623
246705
247923
256170
257400
257689
262458
262471
247922
256356
258242
259126
264244
246685
251482
258201
245432
247738
257039
257098
258289
243327
247225
257041
257725
245622
246708
247220
247669
248114
258557
258561
257038
257406
258214
258253
258303
262615
242948
245601
258225
258559
262457
246709
253506
256430
257101
257409
258205
262589
262595
243090
257052
257093
258207
258216
258235
258248
262352
262452
264678
264899
245408
248108
251495
257806
258195
259130
259140
262597
263049
247752
247916
253508
257040
257045
258190
258194
258204
258247
260699
262663
264900
246420
246423
246489
258227
258239
259102
259116
262592
239170
243336
246413
247735
248935
253250
253252
256681
257053
257695
258192
258198
258838
259120
259121
262460
245618
247731
252035
253457
257043
258200
258208
258212
258213
262594
262617
264711
243101
245513
245517
247918
248113
252399
257035
257094
258193
258203
258215
258240
262347
262451
262789
246700
247733
249143
258209
258238
259053
262461
244313
245326
245414
246111
246604
247661
248118
252389
257036
257044
258210
259145
262464
245305
245502
245534
245621
247767
248107
252397
252755
258244
259111
259115
259148
263027
264710
244314
245600
246488
248121
248654
257037
257048
258196
258224
258252
259103
259135
262601
244318
245415
245436
245503
246460
247856
247925
248106
248657
258191
258560
259136
259143
259151
262600
262790
264677
264707
264708
264712
245418
247224
247909
256427
257693
258558
259078
259110
259152
262612
244323
245406
245421
248010
257095
258197
259144
259149
259153
262602
262618
245416
245496
245514
247222
247728
248110
248119
251546
257096
259100
259128
259132
259142
259150
245441
245499
252401
258226
258250
259114
259122
259123
259129
259131
259134
245459
245557
246486
257050
257097
257402
258206
259098
259105
259112
259118
258199
259107
259124
259127
259137
259146
247920
259099
259104
259133
259139
259125
259138
259141
259154
244319
245412
259096
259101
259108
259109
259119
259147
259106
259097
259117
